0,020000000	 0
0,040000000	-0,02
0,060000000	-0,02
0,080000000	-0,04
0,100000000	-0,06
0,120000000	-0,02
0,140000000	-0,04
0,160000000	-0,06
0,180000000	-0,08
0,200000000	-0,1
0,220000000	-0,12
0,240000000	-0,14
0,260000000	-0,16
0,280000000	-0,16
0,300000000	-0,18
0,320000000	-0,2
0,340000000	-0,22
0,360000000	-0,24
0,380000000	-0,26
0,400000000	-0,28
0,420000000	-0,3
0,440000000	-0,32
0,460000000	-0,34
0,480000000	-0,36
0,500000000	-0,38
0,520000000	-0,4
0,540000000	-0,42
0,560000000	-0,44
0,580000000	-0,46
0,600000000	-0,48
0,620000000	-0,5
0,640000000	-0,52
0,660000000	-0,54
0,680000000	-0,56
0,700000000	-0,58
0,720000000	-0,6
0,740000000	-0,62
0,760000000	-0,64
0,780000000	-0,66
0,800000000	-0,68
0,820000000	-0,7
0,840000000	-0,72
0,860000000	-0,74
0,880000000	-0,76
0,900000000	-0,78
0,920000000	-0,8
0,940000000	-0,82
0,960000000	-0,84
0,980000000	-0,86
1,000000000	-0,88
1,020000000	-0,9
1,040000000	-0,92
1,060000000	-0,94
1,080000000	-0,96
1,100000000	-0,98
1,120000000	-1
1,140000000	-1,02
1,160000000	-1,04
1,180000000	-1,06
1,200000000	-1,08
1,220000000	-1,1
1,240000000	-1,12
1,260000000	-1,14
1,280000000	-1,16
1,300000000	-1,18
1,320000000	-1,2
1,340000000	-1,22
1,360000000	-1,24
1,380000000	-1,26
1,400000000	-1,28
1,420000000	-1,3
1,440000000	-1,32
1,460000000	-1,34
1,480000000	-1,36
1,500000000	-1,38
1,520000000	-1,4
1,540000000	-1,42
1,560000000	-1,44
1,580000000	-1,46
1,600000000	-1,48
1,620000000	-1,5
1,640000000	-1,52
1,660000000	-1,54
1,680000000	-1,56
1,700000000	-1,58
1,720000000	-1,6
1,740000000	-1,62
1,760000000	-1,64
1,780000000	-1,66
1,800000000	-1,68
1,820000000	-1,7
1,840000000	-1,72
1,860000000	-1,74
1,880000000	-1,76
1,900000000	-1,78
1,920000000	-1,8
1,940000000	-1,82
1,960000000	-1,84
1,980000000	-1,86
2,000000000	-1,86
2,020000000	-1,88
2,040000000	-1,9
2,060000000	-1,92
2,080000000	-1,94
2,100000000	-1,96
2,120000000	-1,98
2,140000000	-2
2,160000000	-2,02
2,180000000	-2,04
2,200000000	-2,06
2,220000000	-2,08
2,240000000	-2,1
2,260000000	-2,12
2,280000000	-2,12
2,300000000	-2,14
2,320000000	-2,16
2,340000000	-2,18
2,360000000	-2,2
2,380000000	-2,22
2,400000000	-2,24
2,420000000	-2,26
2,440000000	-2,28
2,460000000	-2,3
2,480000000	-2,32
2,500000000	-2,34
2,520000000	-2,36
2,540000000	-2,38
2,560000000	-2,4
2,580000000	-2,4
2,600000000	-2,4
2,620000000	-2,38
2,640000000	-2,38
2,660000000	-2,38
2,680000000	-2,4
2,700000000	-2,42
2,720000000	-2,42
2,740000000	-2,42
2,760000000	-2,38
2,780000000	-2,4
2,800000000	-2,42
2,820000000	-2,44
2,840000000	-2,46
2,860000000	-2,48
2,880000000	-2,5
2,900000000	-2,52
2,920000000	-2,54
2,940000000	-2,5
2,960000000	-2,4
2,980000000	-2,4
3,000000000	-2,42
3,020000000	-2,42
3,040000000	-2,42
3,060000000	-2,36
3,080000000	-2,38
3,100000000	-2,38
3,120000000	-2,38
3,140000000	-2,38
3,160000000	-2,38
3,180000000	-2,38
3,200000000	-2,38
3,220000000	-2,4
3,240000000	-2,42
3,260000000	-2,38
3,280000000	-2,4
3,300000000	-2,4
3,320000000	-2,4
3,340000000	-2,42
3,360000000	-2,44
3,380000000	-2,42
3,400000000	-2,42
3,420000000	-2,4
3,440000000	-2,4
3,460000000	-2,4
3,480000000	-2,4
3,500000000	-2,4
3,520000000	-2,38
3,540000000	-2,38
3,560000000	-2,38
3,580000000	-2,4
3,600000000	-2,4
3,620000000	-2,38
3,640000000	-2,4
3,660000000	-2,42
3,680000000	-2,44
3,700000000	-2,4
3,720000000	-2,42
3,740000000	-2,42
3,760000000	-2,44
3,780000000	-2,46
3,800000000	-2,36
3,820000000	-2,38
3,840000000	-2,4
3,860000000	-2,42
3,880000000	-2,44
3,900000000	-2,46
3,920000000	-2,48
3,940000000	-2,4
3,960000000	-2,42
3,980000000	-2,36
4,000000000	-2,36
4,020000000	-2,38
4,040000000	-2,4
4,060000000	-2,4
4,080000000	-2,4
4,100000000	-2,42
4,120000000	-2,42
4,140000000	-2,42
4,160000000	-2,38
4,180000000	-2,38
4,200000000	-2,38
4,220000000	-2,4
4,240000000	-2,4
4,260000000	-2,4
4,280000000	-2,4
4,300000000	-2,4
4,320000000	-2,4
4,340000000	-2,4
4,360000000	-2,38
4,380000000	-2,4
4,400000000	-2,38
4,420000000	-2,36
4,440000000	-2,38
4,460000000	-2,4
4,480000000	-2,42
4,500000000	-2,42
4,520000000	-2,4
4,540000000	-2,36
4,560000000	-2,38
4,580000000	-2,4
4,600000000	-2,4
4,620000000	-2,38
4,640000000	-2,38
4,660000000	-2,38
4,680000000	-2,38
4,700000000	-2,38
4,720000000	-2,36
4,740000000	-2,38
4,760000000	-2,4
4,780000000	-2,4
4,800000000	-2,4
4,820000000	-2,4
4,840000000	-2,38
4,860000000	-2,38
4,880000000	-2,38
4,900000000	-2,38
4,920000000	-2,38
4,940000000	-2,4
4,960000000	-2,4
4,980000000	-2,36
5,000000000	-2,38
5,020000000	-2,4
5,040000000	-2,4
5,060000000	-2,38
5,080000000	-2,4
5,100000000	-2,4
5,120000000	-2,4
5,140000000	-2,4
5,160000000	-2,42
5,180000000	-2,42
5,200000000	-2,4
5,220000000	-2,4
5,240000000	-2,38
5,260000000	-2,38
5,280000000	-2,38
5,300000000	-2,38
5,320000000	-2,4
5,340000000	-2,4
5,360000000	-2,42
5,380000000	-2,44
5,400000000	-2,4
5,420000000	-2,38
5,440000000	-2,38
5,460000000	-2,34
5,480000000	-2,36
5,500000000	-2,38
5,520000000	-2,38
5,540000000	-2,38
5,560000000	-2,38
5,580000000	-2,34
5,600000000	-2,36
5,620000000	-2,38
5,640000000	-2,4
5,660000000	-2,4
5,680000000	-2,4
5,700000000	-2,4
5,720000000	-2,4
5,740000000	-2,4
5,760000000	-2,4
5,780000000	-2,42
5,800000000	-2,4
5,820000000	-2,4
5,840000000	-2,4
5,860000000	-2,38
5,880000000	-2,38
5,900000000	-2,4
5,920000000	-2,38
5,940000000	-2,4
5,960000000	-2,4
5,980000000	-2,4
6,000000000	-2,38
6,020000000	-2,38
6,040000000	-2,36
6,060000000	-2,38
6,080000000	-2,4
6,100000000	-2,38
6,120000000	-2,38
6,140000000	-2,38
6,160000000	-2,4
6,180000000	-2,38
6,200000000	-2,38
6,220000000	-2,4
6,240000000	-2,4
6,260000000	-2,4
6,280000000	-2,38
6,300000000	-2,4
6,320000000	-2,38
6,340000000	-2,38
6,360000000	-2,4
6,380000000	-2,4
6,400000000	-2,42
6,420000000	-2,36
6,440000000	-2,38
6,460000000	-2,4
6,480000000	-2,4
6,500000000	-2,4
6,520000000	-2,42
6,540000000	-2,42
6,560000000	-2,36
6,580000000	-2,38
6,600000000	-2,38
6,620000000	-2,38
6,640000000	-2,4
6,660000000	-2,4
6,680000000	-2,42
6,700000000	-2,42
6,720000000	-2,42
6,740000000	-2,38
6,760000000	-2,38
6,780000000	-2,38
6,800000000	-2,4
6,820000000	-2,42
6,840000000	-2,44
6,860000000	-2,36
6,880000000	-2,38
6,900000000	-2,38
6,920000000	-2,4
6,940000000	-2,4
6,960000000	-2,42
6,980000000	-2,42
7,000000000	-2,4
7,020000000	-2,38
7,040000000	-2,4
7,060000000	-2,42
7,080000000	-2,42
7,100000000	-2,38
7,120000000	-2,38
7,140000000	-2,4
7,160000000	-2,38
7,180000000	-2,38
7,200000000	-2,4
7,220000000	-2,4
7,240000000	-2,38
7,260000000	-2,38
7,280000000	-2,38
7,300000000	-2,38
7,320000000	-2,36
7,340000000	-2,38
7,360000000	-2,38
7,380000000	-2,38
7,400000000	-2,4
7,420000000	-2,4
7,440000000	-2,4
7,460000000	-2,42
7,480000000	-2,4
7,500000000	-2,36
7,520000000	-2,38
7,540000000	-2,4
7,560000000	-2,4
7,580000000	-2,42
7,600000000	-2,4
7,620000000	-2,38
7,640000000	-2,4
7,660000000	-2,4
7,680000000	-2,4
7,700000000	-2,4
7,720000000	-2,4
7,740000000	-2,4
7,760000000	-2,4
7,780000000	-2,36
7,800000000	-2,38
7,820000000	-2,38
7,840000000	-2,38
7,860000000	-2,38
7,880000000	-2,34
7,900000000	-2,34
7,920000000	-2,36
7,940000000	-2,36
7,960000000	-2,36
7,980000000	-2,38
8,000000000	-2,38
8,020000000	-2,38
8,040000000	-2,38
8,060000000	-2,4
8,080000000	-2,42
8,100000000	-2,44
8,120000000	-2,38
8,140000000	-2,36
8,160000000	-2,38
8,180000000	-2,4
8,200000000	-2,4
8,220000000	-2,42
8,240000000	-2,36
8,260000000	-2,36
8,280000000	-2,36
8,300000000	-2,38
8,320000000	-2,4
8,340000000	-2,42
8,360000000	-2,42
8,380000000	-2,4
8,400000000	-2,42
8,420000000	-2,44
8,440000000	-2,44
8,460000000	-2,44
8,480000000	-2,44
8,500000000	-2,46
8,520000000	-2,46
8,540000000	-2,38
8,560000000	-2,36
8,580000000	-2,38
8,600000000	-2,4
8,620000000	-2,4
8,640000000	-2,4
8,660000000	-2,4
8,680000000	-2,4
8,700000000	-2,4
8,720000000	-2,4
8,740000000	-2,4
8,760000000	-2,4
8,780000000	-2,4
8,800000000	-2,4
8,820000000	-2,36
8,840000000	-2,38
8,860000000	-2,38
8,880000000	-2,38
8,900000000	-2,38
8,920000000	-2,4
8,940000000	-2,42
8,960000000	-2,44
8,980000000	-2,38
9,000000000	-2,38
9,020000000	-2,38
9,040000000	-2,38
9,060000000	-2,38
9,080000000	-2,38
9,100000000	-2,4
9,120000000	-2,42
9,140000000	-2,4
9,160000000	-2,4
9,180000000	-2,36
9,200000000	-2,36
9,220000000	-2,38
9,240000000	-2,38
9,260000000	-2,38
9,280000000	-2,38
9,300000000	-2,38
9,320000000	-2,4
9,340000000	-2,4
9,360000000	-2,4
9,380000000	-2,4
9,400000000	-2,36
9,420000000	-2,34
9,440000000	-2,36
9,460000000	-2,38
9,480000000	-2,38
9,500000000	-2,4
9,520000000	-2,4
9,540000000	-2,38
9,560000000	-2,4
9,580000000	-2,4
9,600000000	-2,4
9,620000000	-2,4
9,640000000	-2,38
9,660000000	-2,4
9,680000000	-2,4
9,700000000	-2,42
9,720000000	-2,4
9,740000000	-2,38
9,760000000	-2,4
9,780000000	-2,42
9,800000000	-2,42
9,820000000	-2,4
9,840000000	-2,38
9,860000000	-2,38
9,880000000	-2,4
9,900000000	-2,42
9,920000000	-2,42
9,940000000	-2,38
9,960000000	-2,4
9,980000000	-2,4
10,000000000	-2,38
10,020000000	-2,38
10,040000000	-2,38
10,060000000	-2,4
10,080000000	-2,42
10,100000000	-2,42
10,120000000	-2,4
10,140000000	-2,38
10,160000000	-2,38
10,180000000	-2,4
10,200000000	-2,4
10,220000000	-2,4
10,240000000	-2,38
10,260000000	-2,38
10,280000000	-2,38
10,300000000	-2,38
10,320000000	-2,36
10,340000000	-2,38
10,360000000	-2,4
10,380000000	-2,4
10,400000000	-2,4
10,420000000	-2,38
10,440000000	-2,38
10,460000000	-2,4
10,480000000	-2,4
10,500000000	-2,4
10,520000000	-2,4
10,540000000	-2,4
10,560000000	-2,42
10,580000000	-2,42
10,600000000	-2,4
10,620000000	-2,4
10,640000000	-2,4
10,660000000	-2,38
10,680000000	-2,38
10,700000000	-2,4
10,720000000	-2,42
10,740000000	-2,4
10,760000000	-2,4
10,780000000	-2,38
10,800000000	-2,38
10,820000000	-2,38
10,840000000	-2,38
10,860000000	-2,38
10,880000000	-2,4
10,900000000	-2,4
10,920000000	-2,4
10,940000000	-2,4
10,960000000	-2,4
10,980000000	-2,4
11,000000000	-2,4
11,020000000	-2,4
11,040000000	-2,4
11,060000000	-2,38
11,080000000	-2,38
11,100000000	-2,38
11,120000000	-2,38
11,140000000	-2,4
11,160000000	-2,4
11,180000000	-2,4
11,200000000	-2,38
11,220000000	-2,38
11,240000000	-2,38
11,260000000	-2,38
11,280000000	-2,4
11,300000000	-2,4
11,320000000	-2,4
11,340000000	-2,4
11,360000000	-2,38
11,380000000	-2,38
11,400000000	-2,4
11,420000000	-2,4
11,440000000	-2,38
11,460000000	-2,38
11,480000000	-2,38
11,500000000	-2,38
11,520000000	-2,38
11,540000000	-2,4
11,560000000	-2,4
11,580000000	-2,4
11,600000000	-2,38
11,620000000	-2,38
11,640000000	-2,4
11,660000000	-2,42
11,680000000	-2,44
11,700000000	-2,44
11,720000000	-2,44
11,740000000	-2,46
11,760000000	-2,4
11,780000000	-2,38
11,800000000	-2,38
11,820000000	-2,4
11,840000000	-2,4
11,860000000	-2,4
11,880000000	-2,4
11,900000000	-2,4
11,920000000	-2,4
11,940000000	-2,4
11,960000000	-2,4
11,980000000	-2,38
12,000000000	-2,4
12,020000000	-2,42
12,040000000	-2,42
12,060000000	-2,38
12,080000000	-2,38
12,100000000	-2,38
12,120000000	-2,38
12,140000000	-2,38
12,160000000	-2,4
12,180000000	-2,4
12,200000000	-2,4
12,220000000	-2,4
12,240000000	-2,4
12,260000000	-2,4
12,280000000	-2,4
12,300000000	-2,4
12,320000000	-2,4
12,340000000	-2,38
12,360000000	-2,38
12,380000000	-2,4
12,400000000	-2,4
12,420000000	-2,4
12,440000000	-2,4
12,460000000	-2,4
12,480000000	-2,38
12,500000000	-2,4
12,520000000	-2,4
12,540000000	-2,4
12,560000000	-2,4
12,580000000	-2,38
12,600000000	-2,38
12,620000000	-2,4
12,640000000	-2,4
12,660000000	-2,4
12,680000000	-2,42
12,700000000	-2,4
12,720000000	-2,4
12,740000000	-2,4
12,760000000	-2,38
12,780000000	-2,38
12,800000000	-2,38
12,820000000	-2,38
12,840000000	-2,38
12,860000000	-2,38
12,880000000	-2,36
12,900000000	-2,38
12,920000000	-2,38
12,940000000	-2,38
12,960000000	-2,38
12,980000000	-2,38
13,000000000	-2,38
13,020000000	-2,4
13,040000000	-2,4
13,060000000	-2,4
13,080000000	-2,4
13,100000000	-2,42
13,120000000	-2,44
13,140000000	-2,4
13,160000000	-2,38
13,180000000	-2,38
13,200000000	-2,4
13,220000000	-2,38
13,240000000	-2,38
13,260000000	-2,4
13,280000000	-2,4
13,300000000	-2,4
13,320000000	-2,38
13,340000000	-2,38
13,360000000	-2,38
13,380000000	-2,38
13,400000000	-2,38
13,420000000	-2,4
13,440000000	-2,4
13,460000000	-2,4
13,480000000	-2,4
13,500000000	-2,38
13,520000000	-2,38
13,540000000	-2,38
13,560000000	-2,38
13,580000000	-2,38
13,600000000	-2,38
13,620000000	-2,38
13,640000000	-2,38
13,660000000	-2,38
13,680000000	-2,4
13,700000000	-2,4
13,720000000	-2,4
13,740000000	-2,4
13,760000000	-2,38
13,780000000	-2,38
13,800000000	-2,38
13,820000000	-2,38
13,840000000	-2,38
13,860000000	-2,36
13,880000000	-2,38
13,900000000	-2,4
13,920000000	-2,42
13,940000000	-2,4
13,960000000	-2,4
13,980000000	-2,4
14,000000000	-2,42
14,020000000	-2,4
14,040000000	-2,38
14,060000000	-2,4
14,080000000	-2,42
14,100000000	-2,4
14,120000000	-2,4
14,140000000	-2,4
14,160000000	-2,38
14,180000000	-2,38
14,200000000	-2,4
14,220000000	-2,42
14,240000000	-2,42
14,260000000	-2,44
14,280000000	-2,4
14,300000000	-2,42
14,320000000	-2,44
14,340000000	-2,46
14,360000000	-2,36
14,380000000	-2,34
14,400000000	-2,36
14,420000000	-2,38
14,440000000	-2,4
14,460000000	-2,4
14,480000000	-2,4
14,500000000	-2,4
14,520000000	-2,4
14,540000000	-2,4
14,560000000	-2,38
14,580000000	-2,4
14,600000000	-2,42
14,620000000	-2,44
14,640000000	-2,46
14,660000000	-2,44
14,680000000	-2,46
14,700000000	-2,38
14,720000000	-2,38
14,740000000	-2,38
14,760000000	-2,4
14,780000000	-2,4
14,800000000	-2,4
14,820000000	-2,4
14,840000000	-2,4
14,860000000	-2,4
14,880000000	-2,4
14,900000000	-2,4
14,920000000	-2,4
14,940000000	-2,38
14,960000000	-2,38
14,980000000	-2,4
15,000000000	-2,42
15,020000000	-2,4
15,040000000	-2,4
15,060000000	-2,4
15,080000000	-2,4
15,100000000	-2,4
15,120000000	-2,4
15,140000000	-2,4
15,160000000	-2,38
15,180000000	-2,34
15,200000000	-2,36
15,220000000	-2,38
15,240000000	-2,4
15,260000000	-2,42
15,280000000	-2,4
15,300000000	-2,4
15,320000000	-2,38
15,340000000	-2,38
15,360000000	-2,4
15,380000000	-2,4
15,400000000	-2,38
15,420000000	-2,4
15,440000000	-2,4
15,460000000	-2,4
15,480000000	-2,4
15,500000000	-2,4
15,520000000	-2,38
15,540000000	-2,38
15,560000000	-2,38
15,580000000	-2,38
15,600000000	-2,38
15,620000000	-2,38
15,640000000	-2,4
15,660000000	-2,4
15,680000000	-2,4
15,700000000	-2,4
15,720000000	-2,4
15,740000000	-2,4
15,760000000	-2,4
15,780000000	-2,4
15,800000000	-2,4
15,820000000	-2,38
15,840000000	-2,38
15,860000000	-2,38
15,880000000	-2,38
15,900000000	-2,38
15,920000000	-2,38
15,940000000	-2,38
15,960000000	-2,38
15,980000000	-2,38
16,000000000	-2,38
16,020000000	-2,4
16,040000000	-2,4
16,060000000	-2,4
16,080000000	-2,4
16,100000000	-2,4
16,120000000	-2,38
16,140000000	-2,4
16,160000000	-2,38
16,180000000	-2,36
16,200000000	-2,34
16,220000000	-2,34
16,240000000	-2,36
16,260000000	-2,38
16,280000000	-2,36
16,300000000	-2,38
16,320000000	-2,4
16,340000000	-2,4
16,360000000	-2,38
16,380000000	-2,38
16,400000000	-2,38
16,420000000	-2,38
16,440000000	-2,38
16,460000000	-2,4
16,480000000	-2,42
16,500000000	-2,4
16,520000000	-2,38
16,540000000	-2,38
16,560000000	-2,38
16,580000000	-2,4
16,600000000	-2,42
16,620000000	-2,4
16,640000000	-2,4
16,660000000	-2,4
16,680000000	-2,4
16,700000000	-2,4
16,720000000	-2,4
16,740000000	-2,4
16,760000000	-2,4
16,780000000	-2,4
16,800000000	-2,42
16,820000000	-2,44
16,840000000	-2,42
16,860000000	-2,44
16,880000000	-2,46
16,900000000	-2,48
16,920000000	-2,5
16,940000000	-2,52
16,960000000	-2,54
16,980000000	-2,54
17,000000000	-2,54
17,020000000	-2,36
17,040000000	-2,38
17,060000000	-2,4
17,080000000	-2,4
17,100000000	-2,4
17,120000000	-2,38
17,140000000	-2,4
17,160000000	-2,4
17,180000000	-2,4
17,200000000	-2,4
17,220000000	-2,38
17,240000000	-2,38
17,260000000	-2,4
17,280000000	-2,38
17,300000000	-2,38
17,320000000	-2,4
17,340000000	-2,4
17,360000000	-2,42
17,380000000	-2,4
17,400000000	-2,4
17,420000000	-2,4
17,440000000	-2,4
17,460000000	-2,4
17,480000000	-2,4
17,500000000	-2,4
17,520000000	-2,4
17,540000000	-2,4
17,560000000	-2,4
17,580000000	-2,4
17,600000000	-2,4
17,620000000	-2,38
17,640000000	-2,38
17,660000000	-2,38
17,680000000	-2,38
17,700000000	-2,4
17,720000000	-2,38
17,740000000	-2,38
17,760000000	-2,4
17,780000000	-2,4
17,800000000	-2,4
17,820000000	-2,38
17,840000000	-2,38
17,860000000	-2,4
17,880000000	-2,4
17,900000000	-2,4
17,920000000	-2,4
17,940000000	-2,42
17,960000000	-2,42
17,980000000	-2,4
18,000000000	-2,38
18,020000000	-2,4
18,040000000	-2,42
18,060000000	-2,4
18,080000000	-2,38
18,100000000	-2,38
18,120000000	-2,38
18,140000000	-2,38
18,160000000	-2,38
18,180000000	-2,38
18,200000000	-2,4
18,220000000	-2,4
18,240000000	-2,4
18,260000000	-2,4
18,280000000	-2,4
18,300000000	-2,42
18,320000000	-2,42
18,340000000	-2,4
18,360000000	-2,38
18,380000000	-2,38
18,400000000	-2,38
18,420000000	-2,38
18,440000000	-2,4
18,460000000	-2,42
18,480000000	-2,4
18,500000000	-2,38
18,520000000	-2,38
18,540000000	-2,36
18,560000000	-2,38
18,580000000	-2,4
18,600000000	-2,4
18,620000000	-2,4
18,640000000	-2,4
18,660000000	-2,4
18,680000000	-2,36
18,700000000	-2,36
18,720000000	-2,36
18,740000000	-2,38
18,760000000	-2,4
18,780000000	-2,42
18,800000000	-2,44
18,820000000	-2,46
18,840000000	-2,46
18,860000000	-2,42
18,880000000	-2,4
18,900000000	-2,4
18,920000000	-2,4
18,940000000	-2,4
18,960000000	-2,38
18,980000000	-2,38
19,000000000	-2,38
19,020000000	-2,38
19,040000000	-2,38
19,060000000	-2,4
19,080000000	-2,4
19,100000000	-2,4
19,120000000	-2,4
19,140000000	-2,4
19,160000000	-2,4
19,180000000	-2,38
19,200000000	-2,4
19,220000000	-2,38
19,240000000	-2,38
19,260000000	-2,38
19,280000000	-2,38
19,300000000	-2,38
19,320000000	-2,38
19,340000000	-2,38
19,360000000	-2,4
19,380000000	-2,38
19,400000000	-2,38
19,420000000	-2,38
19,440000000	-2,38
19,460000000	-2,38
19,480000000	-2,4
19,500000000	-2,4
19,520000000	-2,4
19,540000000	-2,4
19,560000000	-2,4
19,580000000	-2,4
19,600000000	-2,4
19,620000000	-2,38
19,640000000	-2,38
19,660000000	-2,4
19,680000000	-2,38
19,700000000	-2,38
19,720000000	-2,4
19,740000000	-2,42
19,760000000	-2,38
19,780000000	-2,38
19,800000000	-2,4
19,820000000	-2,4
19,840000000	-2,36
19,860000000	-2,36
19,880000000	-2,36
19,900000000	-2,38
19,920000000	-2,4
19,940000000	-2,4
19,960000000	-2,4
19,980000000	-2,4
20,000000000	-2,4
20,020000000	-2,4
20,040000000	-2,42
20,060000000	-2,42
20,080000000	-2,44
20,100000000	-2,4
20,120000000	-2,4
20,140000000	-2,38
20,160000000	-2,4
20,180000000	-2,4
20,200000000	-2,4
20,220000000	-2,4
20,240000000	-2,4
20,260000000	-2,42
20,280000000	-2,42
20,300000000	-2,4
20,320000000	-2,4
20,340000000	-2,4
20,360000000	-2,4
20,380000000	-2,42
20,400000000	-2,38
20,420000000	-2,38
20,440000000	-2,4
20,460000000	-2,38
20,480000000	-2,36
20,500000000	-2,38
20,520000000	-2,38
20,540000000	-2,38
20,560000000	-2,38
20,580000000	-2,4
20,600000000	-2,4
20,620000000	-2,4
20,640000000	-2,38
20,660000000	-2,38
20,680000000	-2,38
20,700000000	-2,38
20,720000000	-2,38
20,740000000	-2,38
20,760000000	-2,38
20,780000000	-2,36
20,800000000	-2,38
20,820000000	-2,4
20,840000000	-2,4
20,860000000	-2,4
20,880000000	-2,4
20,900000000	-2,4
20,920000000	-2,4
20,940000000	-2,4
20,960000000	-2,38
20,980000000	-2,38
21,000000000	-2,38
21,020000000	-2,38
21,040000000	-2,38
21,060000000	-2,38
21,080000000	-2,4
21,100000000	-2,36
21,120000000	-2,38
21,140000000	-2,38
21,160000000	-2,4
21,180000000	-2,38
21,200000000	-2,4
21,220000000	-2,4
21,240000000	-2,38
21,260000000	-2,38
21,280000000	-2,38
21,300000000	-2,4
21,320000000	-2,4
21,340000000	-2,4
21,360000000	-2,4
21,380000000	-2,4
21,400000000	-2,4
21,420000000	-2,34
21,440000000	-2,36
21,460000000	-2,38
21,480000000	-2,4
21,500000000	-2,4
21,520000000	-2,38
21,540000000	-2,38
21,560000000	-2,38
21,580000000	-2,4
21,600000000	-2,38
21,620000000	-2,38
21,640000000	-2,38
21,660000000	-2,38
21,680000000	-2,4
21,700000000	-2,42
21,720000000	-2,4
21,740000000	-2,4
21,760000000	-2,42
21,780000000	-2,42
21,800000000	-2,38
21,820000000	-2,38
21,840000000	-2,38
21,860000000	-2,38
21,880000000	-2,4
21,900000000	-2,4
21,920000000	-2,4
21,940000000	-2,4
21,960000000	-2,4
21,980000000	-2,4
22,000000000	-2,4
22,020000000	-2,4
22,040000000	-2,42
22,060000000	-2,44
22,080000000	-2,42
22,100000000	-2,34
22,120000000	-2,36
22,140000000	-2,38
22,160000000	-2,38
22,180000000	-2,34
22,200000000	-2,36
22,220000000	-2,38
22,240000000	-2,4
22,260000000	-2,4
22,280000000	-2,4
22,300000000	-2,42
22,320000000	-2,4
22,340000000	-2,38
22,360000000	-2,38
22,380000000	-2,34
22,400000000	-2,36
22,420000000	-2,38
22,440000000	-2,38
22,460000000	-2,38
22,480000000	-2,38
22,500000000	-2,38
22,520000000	-2,36
22,540000000	-2,38
22,560000000	-2,4
22,580000000	-2,4
22,600000000	-2,4
22,620000000	-2,38
22,640000000	-2,4
22,660000000	-2,38
22,680000000	-2,4
22,700000000	-2,4
22,720000000	-2,4
22,740000000	-2,38
22,760000000	-2,38
22,780000000	-2,38
22,800000000	-2,38
22,820000000	-2,38
22,840000000	-2,4
22,860000000	-2,38
22,880000000	-2,38
22,900000000	-2,38
22,920000000	-2,4
22,940000000	-2,4
22,960000000	-2,4
22,980000000	-2,4
23,000000000	-2,4
23,020000000	-2,4
23,040000000	-2,38
23,060000000	-2,38
23,080000000	-2,38
23,100000000	-2,38
23,120000000	-2,4
23,140000000	-2,38
23,160000000	-2,38
23,180000000	-2,36
23,200000000	-2,38
23,220000000	-2,4
23,240000000	-2,4
23,260000000	-2,4
23,280000000	-2,38
23,300000000	-2,38
23,320000000	-2,38
23,340000000	-2,38
23,360000000	-2,4
23,380000000	-2,42
23,400000000	-2,4
23,420000000	-2,4
23,440000000	-2,4
23,460000000	-2,38
23,480000000	-2,4
23,500000000	-2,42
23,520000000	-2,42
23,540000000	-2,4
23,560000000	-2,4
23,580000000	-2,4
23,600000000	-2,38
23,620000000	-2,4
23,640000000	-2,4
23,660000000	-2,4
23,680000000	-2,38
23,700000000	-2,4
23,720000000	-2,4
23,740000000	-2,4
23,760000000	-2,38
23,780000000	-2,4
23,800000000	-2,42
23,820000000	-2,4
23,840000000	-2,4
23,860000000	-2,4
23,880000000	-2,4
23,900000000	-2,4
23,920000000	-2,4
23,940000000	-2,4
23,960000000	-2,38
23,980000000	-2,38
24,000000000	-2,38
24,020000000	-2,4
24,040000000	-2,4
24,060000000	-2,4
24,080000000	-2,38
24,100000000	-2,4
24,120000000	-2,4
24,140000000	-2,4
24,160000000	-2,38
24,180000000	-2,38
24,200000000	-2,38
24,220000000	-2,38
24,240000000	-2,4
24,260000000	-2,4
24,280000000	-2,4
24,300000000	-2,38
24,320000000	-2,4
24,340000000	-2,4
24,360000000	-2,4
24,380000000	-2,4
24,400000000	-2,4
24,420000000	-2,38
24,440000000	-2,38
24,460000000	-2,4
24,480000000	-2,38
24,500000000	-2,38
24,520000000	-2,38
24,540000000	-2,38
24,560000000	-2,38
24,580000000	-2,38
24,600000000	-2,4
24,620000000	-2,38
24,640000000	-2,38
24,660000000	-2,38
24,680000000	-2,4
24,700000000	-2,4
24,720000000	-2,4
24,740000000	-2,4
24,760000000	-2,4
24,780000000	-2,4
24,800000000	-2,4
24,820000000	-2,42
24,840000000	-2,38
24,860000000	-2,38
24,880000000	-2,38
24,900000000	-2,38
24,920000000	-2,4
24,940000000	-2,42
24,960000000	-2,44
24,980000000	-2,4
25,000000000	-2,4
25,020000000	-2,4
25,040000000	-2,38
25,060000000	-2,38
25,080000000	-2,38
25,100000000	-2,4
25,120000000	-2,4
25,140000000	-2,4
25,160000000	-2,4
25,180000000	-2,4
25,200000000	-2,4
25,220000000	-2,42
25,240000000	-2,4
25,260000000	-2,38
25,280000000	-2,38
25,300000000	-2,38
25,320000000	-2,38
25,340000000	-2,4
25,360000000	-2,4
25,380000000	-2,4
25,400000000	-2,4
25,420000000	-2,4
25,440000000	-2,4
25,460000000	-2,38
25,480000000	-2,4
25,500000000	-2,4
25,520000000	-2,4
25,540000000	-2,4
25,560000000	-2,38
25,580000000	-2,38
25,600000000	-2,38
25,620000000	-2,38
25,640000000	-2,38
25,660000000	-2,4
25,680000000	-2,42
25,700000000	-2,42
25,720000000	-2,42
25,740000000	-2,44
25,760000000	-2,38
25,780000000	-2,38
25,800000000	-2,38
25,820000000	-2,4
25,840000000	-2,38
25,860000000	-2,36
25,880000000	-2,38
25,900000000	-2,38
25,920000000	-2,38
25,940000000	-2,38
25,960000000	-2,4
25,980000000	-2,4
26,000000000	-2,4
26,020000000	-2,4
26,040000000	-2,4
26,060000000	-2,38
26,080000000	-2,4
26,100000000	-2,42
26,120000000	-2,38
26,140000000	-2,38
26,160000000	-2,38
26,180000000	-2,38
26,200000000	-2,38
26,220000000	-2,38
26,240000000	-2,4
26,260000000	-2,38
26,280000000	-2,38
26,300000000	-2,38
26,320000000	-2,38
26,340000000	-2,38
26,360000000	-2,38
26,380000000	-2,38
26,400000000	-2,4
26,420000000	-2,4
26,440000000	-2,4
26,460000000	-2,4
26,480000000	-2,4
26,500000000	-2,38
26,520000000	-2,38
26,540000000	-2,38
26,560000000	-2,38
26,580000000	-2,4
26,600000000	-2,4
26,620000000	-2,4
26,640000000	-2,4
26,660000000	-2,4
26,680000000	-2,4
26,700000000	-2,4
26,720000000	-2,4
26,740000000	-2,4
26,760000000	-2,4
26,780000000	-2,38
26,800000000	-2,38
26,820000000	-2,4
26,840000000	-2,42
26,860000000	-2,42
26,880000000	-2,4
26,900000000	-2,38
26,920000000	-2,4
26,940000000	-2,42
26,960000000	-2,42
26,980000000	-2,38
27,000000000	-2,38
27,020000000	-2,38
27,040000000	-2,38
27,060000000	-2,38
27,080000000	-2,4
27,100000000	-2,4
27,120000000	-2,4
27,140000000	-2,38
27,160000000	-2,4
27,180000000	-2,4
27,200000000	-2,4
27,220000000	-2,38
27,240000000	-2,38
27,260000000	-2,38
27,280000000	-2,38
27,300000000	-2,38
27,320000000	-2,4
27,340000000	-2,4
27,360000000	-2,36
27,380000000	-2,38
27,400000000	-2,38
27,420000000	-2,38
27,440000000	-2,38
27,460000000	-2,38
27,480000000	-2,38
27,500000000	-2,38
27,520000000	-2,4
27,540000000	-2,4
27,560000000	-2,4
27,580000000	-2,4
27,600000000	-2,4
27,620000000	-2,42
27,640000000	-2,38
27,660000000	-2,38
27,680000000	-2,38
27,700000000	-2,38
27,720000000	-2,4
27,740000000	-2,4
27,760000000	-2,4
27,780000000	-2,4
27,800000000	-2,38
27,820000000	-2,38
27,840000000	-2,38
27,860000000	-2,38
27,880000000	-2,4
27,900000000	-2,4
27,920000000	-2,4
27,940000000	-2,4
27,960000000	-2,4
27,980000000	-2,4
28,000000000	-2,4
28,020000000	-2,4
28,040000000	-2,38
28,060000000	-2,38
28,080000000	-2,38
28,100000000	-2,38
28,120000000	-2,4
28,140000000	-2,4
28,160000000	-2,4
28,180000000	-2,4
28,200000000	-2,38
28,220000000	-2,4
28,240000000	-2,4
28,260000000	-2,4
28,280000000	-2,4
28,300000000	-2,38
28,320000000	-2,38
28,340000000	-2,38
28,360000000	-2,4
28,380000000	-2,42
28,400000000	-2,42
28,420000000	-2,4
28,440000000	-2,38
28,460000000	-2,38
28,480000000	-2,38
28,500000000	-2,4
28,520000000	-2,38
28,540000000	-2,38
28,560000000	-2,38
28,580000000	-2,4
28,600000000	-2,42
28,620000000	-2,4
28,640000000	-2,4
28,660000000	-2,4
28,680000000	-2,4
28,700000000	-2,4
28,720000000	-2,42
28,740000000	-2,4
28,760000000	-2,38
28,780000000	-2,4
28,800000000	-2,4
28,820000000	-2,4
28,840000000	-2,4
28,860000000	-2,38
28,880000000	-2,4
28,900000000	-2,4
28,920000000	-2,4
28,940000000	-2,4
28,960000000	-2,42
28,980000000	-2,42
29,000000000	-2,38
29,020000000	-2,38
29,040000000	-2,4
29,060000000	-2,4
29,080000000	-2,38
29,100000000	-2,36
29,120000000	-2,38
29,140000000	-2,4
29,160000000	-2,42
29,180000000	-2,4
29,200000000	-2,42
29,220000000	-2,4
29,240000000	-2,36
29,260000000	-2,36
29,280000000	-2,38
29,300000000	-2,38
29,320000000	-2,4
29,340000000	-2,4
29,360000000	-2,4
29,380000000	-2,38
29,400000000	-2,38
29,420000000	-2,38
29,440000000	-2,38
29,460000000	-2,4
29,480000000	-2,4
29,500000000	-2,4
29,520000000	-2,4
29,540000000	-2,4
29,560000000	-2,4
29,580000000	-2,4
29,600000000	-2,38
29,620000000	-2,38
29,640000000	-2,4
29,660000000	-2,42
29,680000000	-2,4
29,700000000	-2,38
29,720000000	-2,38
29,740000000	-2,38
29,760000000	-2,4
29,780000000	-2,4
29,800000000	-2,4
29,820000000	-2,38
29,840000000	-2,38
29,860000000	-2,38
29,880000000	-2,38
29,900000000	-2,4
29,920000000	-2,4
29,940000000	-2,4
29,960000000	-2,38
29,980000000	-2,38
30,000000000	-2,4
30,020000000	-2,4
30,040000000	-2,4
30,060000000	-2,4
30,080000000	-2,4
30,100000000	-2,4
30,120000000	-2,42
30,140000000	-2,42
30,160000000	-2,36
30,180000000	-2,38
30,200000000	-2,38
30,220000000	-2,38
30,240000000	-2,38
30,260000000	-2,38
30,280000000	-2,4
30,300000000	-2,4
30,320000000	-2,4
30,340000000	-2,4
30,360000000	-2,4
30,380000000	-2,38
30,400000000	-2,4
30,420000000	-2,42
30,440000000	-2,38
30,460000000	-2,38
30,480000000	-2,38
30,500000000	-2,38
30,520000000	-2,38
30,540000000	-2,4
30,560000000	-2,4
30,580000000	-2,4
30,600000000	-2,4
30,620000000	-2,38
30,640000000	-2,4
30,660000000	-2,4
30,680000000	-2,4
30,700000000	-2,42
30,720000000	-2,38
30,740000000	-2,38
30,760000000	-2,4
30,780000000	-2,4
30,800000000	-2,4
30,820000000	-2,4
30,840000000	-2,4
30,860000000	-2,3
30,880000000	-2,28
30,900000000	-2,3
30,920000000	-2,32
30,940000000	-2,34
30,960000000	-2,36
30,980000000	-2,38
31,000000000	-2,38
31,020000000	-2,38
31,040000000	-2,38
31,060000000	-2,38
31,080000000	-2,38
31,100000000	-2,38
31,120000000	-2,38
31,140000000	-2,38
31,160000000	-2,38
31,180000000	-2,4
31,200000000	-2,4
31,220000000	-2,4
31,240000000	-2,38
31,260000000	-2,4
31,280000000	-2,4
31,300000000	-2,4
31,320000000	-2,38
31,340000000	-2,38
31,360000000	-2,4
31,380000000	-2,36
31,400000000	-2,36
31,420000000	-2,36
31,440000000	-2,38
31,460000000	-2,4
31,480000000	-2,4
31,500000000	-2,4
31,520000000	-2,4
31,540000000	-2,38
31,560000000	-2,38
31,580000000	-2,38
31,600000000	-2,4
31,620000000	-2,4
31,640000000	-2,4
31,660000000	-2,38
31,680000000	-2,38
31,700000000	-2,38
31,720000000	-2,38
31,740000000	-2,4
31,760000000	-2,4
31,780000000	-2,4
31,800000000	-2,4
31,820000000	-2,4
31,840000000	-2,4
31,860000000	-2,38
31,880000000	-2,4
31,900000000	-2,42
31,920000000	-2,38
31,940000000	-2,38
31,960000000	-2,38
31,980000000	-2,38
32,000000000	-2,38
32,020000000	-2,4
32,040000000	-2,4
32,060000000	-2,4
32,080000000	-2,4
32,100000000	-2,38
32,120000000	-2,4
32,140000000	-2,38
32,160000000	-2,38
32,180000000	-2,4
32,200000000	-2,4
32,220000000	-2,4
32,240000000	-2,4
32,260000000	-2,38
32,280000000	-2,4
32,300000000	-2,4
32,320000000	-2,38
32,340000000	-2,4
32,360000000	-2,42
32,380000000	-2,42
32,400000000	-2,4
32,420000000	-2,38
32,440000000	-2,38
32,460000000	-2,38
32,480000000	-2,38
32,500000000	-2,4
32,520000000	-2,38
32,540000000	-2,38
32,560000000	-2,38
32,580000000	-2,38
32,600000000	-2,4
32,620000000	-2,38
32,640000000	-2,38
32,660000000	-2,4
32,680000000	-2,4
32,700000000	-2,4
32,720000000	-2,4
32,740000000	-2,42
32,760000000	-2,44
32,780000000	-2,38
32,800000000	-2,38
32,820000000	-2,38
32,840000000	-2,38
32,860000000	-2,38
32,880000000	-2,38
32,900000000	-2,4
32,920000000	-2,4
32,940000000	-2,4
32,960000000	-2,4
32,980000000	-2,4
33,000000000	-2,4
33,020000000	-2,38
33,040000000	-2,38
33,060000000	-2,4
33,080000000	-2,4
33,100000000	-2,38
33,120000000	-2,4
33,140000000	-2,4
33,160000000	-2,4
33,180000000	-2,4
33,200000000	-2,4
33,220000000	-2,38
33,240000000	-2,38
33,260000000	-2,38
33,280000000	-2,38
33,300000000	-2,38
33,320000000	-2,4
33,340000000	-2,4
33,360000000	-2,4
33,380000000	-2,4
33,400000000	-2,4
33,420000000	-2,4
33,440000000	-2,38
33,460000000	-2,38
33,480000000	-2,36
33,500000000	-2,36
33,520000000	-2,38
33,540000000	-2,4
33,560000000	-2,4
33,580000000	-2,42
33,600000000	-2,38
33,620000000	-2,38
33,640000000	-2,38
33,660000000	-2,4
33,680000000	-2,4
33,700000000	-2,38
33,720000000	-2,38
33,740000000	-2,38
33,760000000	-2,4
33,780000000	-2,4
33,800000000	-2,4
33,820000000	-2,4
33,840000000	-2,4
33,860000000	-2,42
33,880000000	-2,38
33,900000000	-2,38
33,920000000	-2,38
33,940000000	-2,38
33,960000000	-2,38
33,980000000	-2,4
34,000000000	-2,4
34,020000000	-2,4
34,040000000	-2,38
34,060000000	-2,4
34,080000000	-2,4
34,100000000	-2,4
34,120000000	-2,4
34,140000000	-2,38
34,160000000	-2,38
34,180000000	-2,38
34,200000000	-2,4
34,220000000	-2,4
34,240000000	-2,42
34,260000000	-2,42
34,280000000	-2,38
34,300000000	-2,38
34,320000000	-2,4
34,340000000	-2,38
34,360000000	-2,38
34,380000000	-2,38
34,400000000	-2,4
34,420000000	-2,4
34,440000000	-2,4
34,460000000	-2,4
34,480000000	-2,38
34,500000000	-2,38
34,520000000	-2,38
34,540000000	-2,38
34,560000000	-2,38
34,580000000	-2,38
34,600000000	-2,38
34,620000000	-2,4
34,640000000	-2,4
34,660000000	-2,4
34,680000000	-2,4
34,700000000	-2,4
34,720000000	-2,4
34,740000000	-2,42
34,760000000	-2,38
34,780000000	-2,4
34,800000000	-2,4
34,820000000	-2,4
34,840000000	-2,4
34,860000000	-2,42
34,880000000	-2,42
34,900000000	-2,4
34,920000000	-2,38
34,940000000	-2,38
34,960000000	-2,4
34,980000000	-2,4
35,000000000	-2,38
35,020000000	-2,38
35,040000000	-2,4
35,060000000	-2,4
35,080000000	-2,4
35,100000000	-2,38
35,120000000	-2,38
35,140000000	-2,4
35,160000000	-2,4
35,180000000	-2,4
35,200000000	-2,4
35,220000000	-2,38
35,240000000	-2,4
35,260000000	-2,4
35,280000000	-2,42
35,300000000	-2,44
35,320000000	-2,46
35,340000000	-2,42
35,360000000	-2,38
35,380000000	-2,38
35,400000000	-2,38
35,420000000	-2,38
35,440000000	-2,38
35,460000000	-2,38
35,480000000	-2,4
35,500000000	-2,4
35,520000000	-2,4
35,540000000	-2,4
35,560000000	-2,4
35,580000000	-2,38
35,600000000	-2,4
35,620000000	-2,4
35,640000000	-2,4
35,660000000	-2,38
35,680000000	-2,4
35,700000000	-2,4
35,720000000	-2,4
35,740000000	-2,4
35,760000000	-2,4
35,780000000	-2,38
35,800000000	-2,38
35,820000000	-2,38
35,840000000	-2,4
35,860000000	-2,4
35,880000000	-2,4
35,900000000	-2,4
35,920000000	-2,4
35,940000000	-2,4
35,960000000	-2,38
35,980000000	-2,36
36,000000000	-2,38
36,020000000	-2,4
36,040000000	-2,4
36,060000000	-2,4
36,080000000	-2,38
36,100000000	-2,4
36,120000000	-2,4
36,140000000	-2,4
36,160000000	-2,36
36,180000000	-2,36
36,200000000	-2,38
36,220000000	-2,4
36,240000000	-2,4
36,260000000	-2,4
36,280000000	-2,4
36,300000000	-2,38
36,320000000	-2,38
36,340000000	-2,38
36,360000000	-2,4
36,380000000	-2,42
36,400000000	-2,4
36,420000000	-2,4
36,440000000	-2,4
36,460000000	-2,4
36,480000000	-2,38
36,500000000	-2,4
36,520000000	-2,38
36,540000000	-2,38
36,560000000	-2,4
36,580000000	-2,42
36,600000000	-2,42
36,620000000	-2,38
36,640000000	-2,38
36,660000000	-2,38
36,680000000	-2,4
36,700000000	-2,38
36,720000000	-2,38
36,740000000	-2,38
36,760000000	-2,4
36,780000000	-2,4
36,800000000	-2,4
36,820000000	-2,4
36,840000000	-2,4
36,860000000	-2,4
36,880000000	-2,4
36,900000000	-2,4
36,920000000	-2,38
36,940000000	-2,4
36,960000000	-2,4
36,980000000	-2,4
37,000000000	-2,4
37,020000000	-2,38
37,040000000	-2,4
37,060000000	-2,38
37,080000000	-2,38
37,100000000	-2,4
37,120000000	-2,38
37,140000000	-2,38
37,160000000	-2,38
37,180000000	-2,38
37,200000000	-2,38
37,220000000	-2,4
37,240000000	-2,4
37,260000000	-2,4
37,280000000	-2,4
37,300000000	-2,38
37,320000000	-2,38
37,340000000	-2,4
37,360000000	-2,4
37,380000000	-2,38
37,400000000	-2,38
37,420000000	-2,4
37,440000000	-2,4
37,460000000	-2,4
37,480000000	-2,4
37,500000000	-2,38
37,520000000	-2,38
37,540000000	-2,38
37,560000000	-2,38
37,580000000	-2,4
37,600000000	-2,42
37,620000000	-2,42
37,640000000	-2,42
37,660000000	-2,44
37,680000000	-2,44
37,700000000	-2,44
37,720000000	-2,38
37,740000000	-2,4
37,760000000	-2,42
37,780000000	-2,4
37,800000000	-2,38
37,820000000	-2,38
37,840000000	-2,38
37,860000000	-2,38
37,880000000	-2,4
37,900000000	-2,4
37,920000000	-2,4
37,940000000	-2,4
37,960000000	-2,4
37,980000000	-2,4
38,000000000	-2,4
38,020000000	-2,4
38,040000000	-2,38
38,060000000	-2,38
38,080000000	-2,4
38,100000000	-2,4
38,120000000	-2,4
38,140000000	-2,4
38,160000000	-2,38
38,180000000	-2,38
38,200000000	-2,38
38,220000000	-2,4
38,240000000	-2,4
38,260000000	-2,38
38,280000000	-2,38
38,300000000	-2,4
38,320000000	-2,4
38,340000000	-2,4
38,360000000	-2,4
38,380000000	-2,4
38,400000000	-2,42
38,420000000	-2,42
38,440000000	-2,38
38,460000000	-2,38
38,480000000	-2,38
38,500000000	-2,4
38,520000000	-2,4
38,540000000	-2,38
38,560000000	-2,38
38,580000000	-2,38
38,600000000	-2,4
38,620000000	-2,4
38,640000000	-2,4
38,660000000	-2,4
38,680000000	-2,42
38,700000000	-2,44
38,720000000	-2,46
38,740000000	-2,48
38,760000000	-2,5
38,780000000	-2,52
38,800000000	-2,48
38,820000000	-2,48
38,840000000	-2,48
38,860000000	-2,4
38,880000000	-2,38
38,900000000	-2,38
38,920000000	-2,38
38,940000000	-2,4
38,960000000	-2,4
38,980000000	-2,4
39,000000000	-2,4
39,020000000	-2,38
39,040000000	-2,38
39,060000000	-2,38
39,080000000	-2,4
39,100000000	-2,38
39,120000000	-2,38
39,140000000	-2,38
39,160000000	-2,4
39,180000000	-2,4
39,200000000	-2,42
39,220000000	-2,38
39,240000000	-2,38
39,260000000	-2,38
39,280000000	-2,4
39,300000000	-2,4
39,320000000	-2,38
39,340000000	-2,38
39,360000000	-2,38
39,380000000	-2,4
39,400000000	-2,4
39,420000000	-2,4
39,440000000	-2,4
39,460000000	-2,4
39,480000000	-2,42
39,500000000	-2,38
39,520000000	-2,38
39,540000000	-2,4
39,560000000	-2,4
39,580000000	-2,4
39,600000000	-2,4
39,620000000	-2,4
39,640000000	-2,4
39,660000000	-2,4
39,680000000	-2,4
39,700000000	-2,38
39,720000000	-2,38
39,740000000	-2,38
39,760000000	-2,38
39,780000000	-2,38
39,800000000	-2,38
39,820000000	-2,4
39,840000000	-2,4
39,860000000	-2,4
39,880000000	-2,4
39,900000000	-2,4
39,920000000	-2,4
39,940000000	-2,4
39,960000000	-2,4
39,980000000	-2,4
40,000000000	-2,38
40,020000000	-2,38
40,040000000	-2,38
40,060000000	-2,4
40,080000000	-2,42
40,100000000	-2,42
40,120000000	-2,42
40,140000000	-2,42
40,160000000	-2,42
40,180000000	-2,4
40,200000000	-2,4
40,220000000	-2,4
40,240000000	-2,4
40,260000000	-2,38
40,280000000	-2,38
40,300000000	-2,38
40,320000000	-2,4
40,340000000	-2,4
40,360000000	-2,4
40,380000000	-2,38
40,400000000	-2,38
40,420000000	-2,38
40,440000000	-2,4
40,460000000	-2,4
40,480000000	-2,36
40,500000000	-2,36
40,520000000	-2,38
40,540000000	-2,38
40,560000000	-2,38
40,580000000	-2,38
40,600000000	-2,38
40,620000000	-2,38
40,640000000	-2,38
40,660000000	-2,4
40,680000000	-2,4
40,700000000	-2,4
40,720000000	-2,4
40,740000000	-2,4
40,760000000	-2,4
40,780000000	-2,4
40,800000000	-2,38
40,820000000	-2,38
40,840000000	-2,38
40,860000000	-2,38
40,880000000	-2,38
40,900000000	-2,4
40,920000000	-2,4
40,940000000	-2,4
40,960000000	-2,38
40,980000000	-2,4
41,000000000	-2,38
41,020000000	-2,4
41,040000000	-2,4
41,060000000	-2,4
41,080000000	-2,4
41,100000000	-2,42
41,120000000	-2,4
41,140000000	-2,42
41,160000000	-2,38
41,180000000	-2,4
41,200000000	-2,38
41,220000000	-2,38
41,240000000	-2,38
41,260000000	-2,38
41,280000000	-2,38
41,300000000	-2,38
41,320000000	-2,4
41,340000000	-2,4
41,360000000	-2,4
41,380000000	-2,38
41,400000000	-2,38
41,420000000	-2,38
41,440000000	-2,38
41,460000000	-2,38
41,480000000	-2,38
41,500000000	-2,38
41,520000000	-2,38
41,540000000	-2,4
41,560000000	-2,4
41,580000000	-2,4
41,600000000	-2,4
41,620000000	-2,4
41,640000000	-2,4
41,660000000	-2,4
41,680000000	-2,4
41,700000000	-2,4
41,720000000	-2,4
41,740000000	-2,4
41,760000000	-2,38
41,780000000	-2,34
41,800000000	-2,36
41,820000000	-2,36
41,840000000	-2,38
41,860000000	-2,4
41,880000000	-2,42
41,900000000	-2,42
41,920000000	-2,4
41,940000000	-2,38
41,960000000	-2,38
41,980000000	-2,4
42,000000000	-2,4
42,020000000	-2,4
42,040000000	-2,38
42,060000000	-2,38
42,080000000	-2,4
42,100000000	-2,4
42,120000000	-2,4
42,140000000	-2,4
42,160000000	-2,38
42,180000000	-2,4
42,200000000	-2,42
42,220000000	-2,44
42,240000000	-2,42
42,260000000	-2,44
42,280000000	-2,44
42,300000000	-2,46
42,320000000	-2,42
42,340000000	-2,38
42,360000000	-2,38
42,380000000	-2,38
42,400000000	-2,38
42,420000000	-2,4
42,440000000	-2,4
42,460000000	-2,4
42,480000000	-2,4
42,500000000	-2,38
42,520000000	-2,36
42,540000000	-2,38
42,560000000	-2,38
42,580000000	-2,38
42,600000000	-2,38
42,620000000	-2,4
42,640000000	-2,4
42,660000000	-2,4
42,680000000	-2,4
42,700000000	-2,4
42,720000000	-2,36
42,740000000	-2,38
42,760000000	-2,4
42,780000000	-2,42
42,800000000	-2,42
42,820000000	-2,38
42,840000000	-2,38
42,860000000	-2,38
42,880000000	-2,4
42,900000000	-2,38
42,920000000	-2,38
42,940000000	-2,4
42,960000000	-2,4
42,980000000	-2,4
43,000000000	-2,4
43,020000000	-2,4
43,040000000	-2,4
43,060000000	-2,4
43,080000000	-2,38
43,100000000	-2,4
43,120000000	-2,38
43,140000000	-2,38
43,160000000	-2,4
43,180000000	-2,42
43,200000000	-2,38
43,220000000	-2,38
43,240000000	-2,38
43,260000000	-2,38
43,280000000	-2,4
43,300000000	-2,4
43,320000000	-2,4
43,340000000	-2,4
43,360000000	-2,4
43,380000000	-2,4
43,400000000	-2,4
43,420000000	-2,4
43,440000000	-2,4
43,460000000	-2,38
43,480000000	-2,38
43,500000000	-2,4
43,520000000	-2,42
43,540000000	-2,44
43,560000000	-2,38
43,580000000	-2,4
43,600000000	-2,4
43,620000000	-2,4
43,640000000	-2,42
43,660000000	-2,4
43,680000000	-2,4
43,700000000	-2,4
43,720000000	-2,4
43,740000000	-2,4
43,760000000	-2,4
43,780000000	-2,4
43,800000000	-2,4
43,820000000	-2,4
43,840000000	-2,4
43,860000000	-2,4
43,880000000	-2,4
43,900000000	-2,4
43,920000000	-2,4
43,940000000	-2,38
43,960000000	-2,38
43,980000000	-2,38
44,000000000	-2,4
44,020000000	-2,4
44,040000000	-2,4
44,060000000	-2,38
44,080000000	-2,38
44,100000000	-2,38
44,120000000	-2,38
44,140000000	-2,4
44,160000000	-2,4
44,180000000	-2,42
44,200000000	-2,4
44,220000000	-2,4
44,240000000	-2,36
44,260000000	-2,38
44,280000000	-2,4
44,300000000	-2,42
44,320000000	-2,4
44,340000000	-2,4
44,360000000	-2,4
44,380000000	-2,4
44,400000000	-2,4
44,420000000	-2,4
44,440000000	-2,4
44,460000000	-2,4
44,480000000	-2,38
44,500000000	-2,36
44,520000000	-2,38
44,540000000	-2,4
44,560000000	-2,4
44,580000000	-2,42
44,600000000	-2,44
44,620000000	-2,42
44,640000000	-2,38
44,660000000	-2,4
44,680000000	-2,4
44,700000000	-2,42
44,720000000	-2,4
44,740000000	-2,4
44,760000000	-2,4
44,780000000	-2,42
44,800000000	-2,4
44,820000000	-2,4
44,840000000	-2,4
44,860000000	-2,4
44,880000000	-2,38
44,900000000	-2,38
44,920000000	-2,4
44,940000000	-2,4
44,960000000	-2,38
44,980000000	-2,38
45,000000000	-2,38
45,020000000	-2,4
45,040000000	-2,4
45,060000000	-2,4
45,080000000	-2,4
45,100000000	-2,4
45,120000000	-2,4
45,140000000	-2,4
45,160000000	-2,4
45,180000000	-2,4
45,200000000	-2,4
45,220000000	-2,4
45,240000000	-2,4
45,260000000	-2,38
45,280000000	-2,38
45,300000000	-2,38
45,320000000	-2,38
45,340000000	-2,36
45,360000000	-2,38
45,380000000	-2,4
45,400000000	-2,4
45,420000000	-2,38
45,440000000	-2,38
45,460000000	-2,38
45,480000000	-2,4
45,500000000	-2,4
45,520000000	-2,38
45,540000000	-2,38
45,560000000	-2,4
45,580000000	-2,4
45,600000000	-2,4
45,620000000	-2,4
45,640000000	-2,4
45,660000000	-2,38
45,680000000	-2,38
45,700000000	-2,38
45,720000000	-2,4
45,740000000	-2,4
45,760000000	-2,4
45,780000000	-2,4
45,800000000	-2,4
45,820000000	-2,38
45,840000000	-2,38
45,860000000	-2,38
45,880000000	-2,38
45,900000000	-2,38
45,920000000	-2,4
45,940000000	-2,4
45,960000000	-2,4
45,980000000	-2,4
46,000000000	-2,4
46,020000000	-2,4
46,040000000	-2,4
46,060000000	-2,4
46,080000000	-2,4
46,100000000	-2,4
46,120000000	-2,4
46,140000000	-2,4
46,160000000	-2,4
46,180000000	-2,38
46,200000000	-2,38
46,220000000	-2,4
46,240000000	-2,4
46,260000000	-2,42
46,280000000	-2,42
46,300000000	-2,44
46,320000000	-2,44
46,340000000	-2,44
46,360000000	-2,38
46,380000000	-2,38
46,400000000	-2,38
46,420000000	-2,4
46,440000000	-2,36
46,460000000	-2,38
46,480000000	-2,38
46,500000000	-2,4
46,520000000	-2,4
46,540000000	-2,36
46,560000000	-2,38
46,580000000	-2,4
46,600000000	-2,4
46,620000000	-2,38
46,640000000	-2,38
46,660000000	-2,38
46,680000000	-2,4
46,700000000	-2,4
46,720000000	-2,38
46,740000000	-2,38
46,760000000	-2,4
46,780000000	-2,4
46,800000000	-2,4
46,820000000	-2,4
46,840000000	-2,4
46,860000000	-2,4
46,880000000	-2,42
46,900000000	-2,4
46,920000000	-2,38
46,940000000	-2,4
46,960000000	-2,4
46,980000000	-2,4
47,000000000	-2,4
47,020000000	-2,38
47,040000000	-2,38
47,060000000	-2,38
47,080000000	-2,38
47,100000000	-2,4
47,120000000	-2,4
47,140000000	-2,42
47,160000000	-2,38
47,180000000	-2,38
47,200000000	-2,4
47,220000000	-2,42
47,240000000	-2,4
47,260000000	-2,4
47,280000000	-2,4
47,300000000	-2,4
47,320000000	-2,4
47,340000000	-2,38
47,360000000	-2,4
47,380000000	-2,42
47,400000000	-2,42
47,420000000	-2,4
47,440000000	-2,4
47,460000000	-2,4
47,480000000	-2,38
47,500000000	-2,38
47,520000000	-2,4
47,540000000	-2,4
47,560000000	-2,4
47,580000000	-2,38
47,600000000	-2,38
47,620000000	-2,38
47,640000000	-2,4
47,660000000	-2,4
47,680000000	-2,4
47,700000000	-2,4
47,720000000	-2,38
47,740000000	-2,4
47,760000000	-2,4
47,780000000	-2,4
47,800000000	-2,4
47,820000000	-2,4
47,840000000	-2,38
47,860000000	-2,4
47,880000000	-2,4
47,900000000	-2,4
47,920000000	-2,4
47,940000000	-2,4
47,960000000	-2,42
47,980000000	-2,42
48,000000000	-2,42
48,020000000	-2,4
48,040000000	-2,4
48,060000000	-2,4
48,080000000	-2,4
48,100000000	-2,4
48,120000000	-2,42
48,140000000	-2,42
48,160000000	-2,4
48,180000000	-2,4
48,200000000	-2,4
48,220000000	-2,38
48,240000000	-2,38
48,260000000	-2,38
48,280000000	-2,4
48,300000000	-2,4
48,320000000	-2,4
48,340000000	-2,38
48,360000000	-2,4
48,380000000	-2,4
48,400000000	-2,4
48,420000000	-2,4
48,440000000	-2,38
48,460000000	-2,38
48,480000000	-2,38
48,500000000	-2,4
48,520000000	-2,4
48,540000000	-2,4
48,560000000	-2,4
48,580000000	-2,4
48,600000000	-2,42
48,620000000	-2,42
48,640000000	-2,44
48,660000000	-2,46
48,680000000	-2,48
48,700000000	-2,42
48,720000000	-2,42
48,740000000	-2,38
48,760000000	-2,4
48,780000000	-2,4
48,800000000	-2,4
48,820000000	-2,4
48,840000000	-2,4
48,860000000	-2,4
48,880000000	-2,42
48,900000000	-2,38
48,920000000	-2,38
48,940000000	-2,4
48,960000000	-2,4
48,980000000	-2,4
49,000000000	-2,4
49,020000000	-2,38
49,040000000	-2,4
49,060000000	-2,4
49,080000000	-2,4
49,100000000	-2,4
49,120000000	-2,42
49,140000000	-2,4
49,160000000	-2,4
49,180000000	-2,38
49,200000000	-2,38
49,220000000	-2,38
49,240000000	-2,38
49,260000000	-2,38
49,280000000	-2,36
49,300000000	-2,38
49,320000000	-2,38
49,340000000	-2,38
49,360000000	-2,38
49,380000000	-2,4
49,400000000	-2,4
49,420000000	-2,4
49,440000000	-2,4
49,460000000	-2,4
49,480000000	-2,4
49,500000000	-2,42
49,520000000	-2,42
49,540000000	-2,4
49,560000000	-2,38
49,580000000	-2,38
49,600000000	-2,38
49,620000000	-2,4
49,640000000	-2,4
49,660000000	-2,4
49,680000000	-2,4
49,700000000	-2,4
49,720000000	-2,4
49,740000000	-2,38
49,760000000	-2,38
49,780000000	-2,38
49,800000000	-2,38
49,820000000	-2,38
49,840000000	-2,4
49,860000000	-2,4
49,880000000	-2,4
49,900000000	-2,4
49,920000000	-2,4
49,940000000	-2,4
49,960000000	-2,4
49,980000000	-2,38
50,000000000	-2,38
50,020000000	-2,38
50,040000000	-2,38
50,060000000	-2,38
50,080000000	-2,38
50,100000000	-2,38
50,120000000	-2,4
50,140000000	-2,38
50,160000000	-2,38
50,180000000	-2,38
50,200000000	-2,38
50,220000000	-2,38
50,240000000	-2,4
50,260000000	-2,4
50,280000000	-2,4
50,300000000	-2,38
50,320000000	-2,38
50,340000000	-2,4
50,360000000	-2,42
50,380000000	-2,4
50,400000000	-2,4
50,420000000	-2,4
50,440000000	-2,4
50,460000000	-2,38
50,480000000	-2,38
50,500000000	-2,4
50,520000000	-2,4
50,540000000	-2,4
50,560000000	-2,4
50,580000000	-2,4
50,600000000	-2,4
50,620000000	-2,4
50,640000000	-2,4
50,660000000	-2,4
50,680000000	-2,4
50,700000000	-2,4
50,720000000	-2,4
50,740000000	-2,38
50,760000000	-2,38
50,780000000	-2,38
50,800000000	-2,4
50,820000000	-2,4
50,840000000	-2,36
50,860000000	-2,34
50,880000000	-2,36
50,900000000	-2,38
50,920000000	-2,4
50,940000000	-2,4
50,960000000	-2,42
50,980000000	-2,42
51,000000000	-2,4
51,020000000	-2,4
51,040000000	-2,38
51,060000000	-2,38
51,080000000	-2,4
51,100000000	-2,4
51,120000000	-2,4
51,140000000	-2,4
51,160000000	-2,4
51,180000000	-2,4
51,200000000	-2,4
51,220000000	-2,4
51,240000000	-2,38
51,260000000	-2,38
51,280000000	-2,4
51,300000000	-2,38
51,320000000	-2,38
51,340000000	-2,38
51,360000000	-2,4
51,380000000	-2,4
51,400000000	-2,42
51,420000000	-2,42
51,440000000	-2,42
51,460000000	-2,4
51,480000000	-2,38
51,500000000	-2,38
51,520000000	-2,38
51,540000000	-2,4
51,560000000	-2,38
51,580000000	-2,38
51,600000000	-2,38
51,620000000	-2,38
51,640000000	-2,38
51,660000000	-2,38
51,680000000	-2,38
51,700000000	-2,36
51,720000000	-2,38
51,740000000	-2,38
51,760000000	-2,38
51,780000000	-2,36
51,800000000	-2,36
51,820000000	-2,36
51,840000000	-2,36
51,860000000	-2,38
51,880000000	-2,36
51,900000000	-2,38
51,920000000	-2,38
51,940000000	-2,38
51,960000000	-2,38
51,980000000	-2,4
52,000000000	-2,4
52,020000000	-2,4
52,040000000	-2,4
52,060000000	-2,4
52,080000000	-2,42
52,100000000	-2,42
52,120000000	-2,42
52,140000000	-2,4
52,160000000	-2,38
52,180000000	-2,38
52,200000000	-2,38
52,220000000	-2,36
52,240000000	-2,38
52,260000000	-2,38
52,280000000	-2,4
52,300000000	-2,42
52,320000000	-2,42
52,340000000	-2,4
52,360000000	-2,4
52,380000000	-2,4
52,400000000	-2,38
52,420000000	-2,38
52,440000000	-2,4
52,460000000	-2,38
52,480000000	-2,38
52,500000000	-2,38
52,520000000	-2,38
52,540000000	-2,4
52,560000000	-2,38
52,580000000	-2,38
52,600000000	-2,38
52,620000000	-2,4
52,640000000	-2,4
52,660000000	-2,4
52,680000000	-2,4
52,700000000	-2,4
52,720000000	-2,42
52,740000000	-2,4
52,760000000	-2,42
52,780000000	-2,44
52,800000000	-2,38
52,820000000	-2,38
52,840000000	-2,4
52,860000000	-2,4
52,880000000	-2,4
52,900000000	-2,4
52,920000000	-2,4
52,940000000	-2,38
52,960000000	-2,4
52,980000000	-2,42
53,000000000	-2,4
53,020000000	-2,38
53,040000000	-2,38
53,060000000	-2,38
53,080000000	-2,38
53,100000000	-2,4
53,120000000	-2,4
53,140000000	-2,4
53,160000000	-2,4
53,180000000	-2,4
53,200000000	-2,4
53,220000000	-2,4
53,240000000	-2,38
53,260000000	-2,38
53,280000000	-2,4
53,300000000	-2,42
53,320000000	-2,44
53,340000000	-2,44
53,360000000	-2,4
53,380000000	-2,4
53,400000000	-2,4
53,420000000	-2,4
53,440000000	-2,4
53,460000000	-2,4
53,480000000	-2,4
53,500000000	-2,42
53,520000000	-2,42
53,540000000	-2,42
53,560000000	-2,42
53,580000000	-2,42
53,600000000	-2,4
53,620000000	-2,38
53,640000000	-2,38
53,660000000	-2,38
53,680000000	-2,38
53,700000000	-2,38
53,720000000	-2,38
53,740000000	-2,4
53,760000000	-2,4
53,780000000	-2,38
53,800000000	-2,38
53,820000000	-2,4
53,840000000	-2,4
53,860000000	-2,38
53,880000000	-2,38
53,900000000	-2,4
53,920000000	-2,4
53,940000000	-2,4
53,960000000	-2,4
53,980000000	-2,4
54,000000000	-2,4
54,020000000	-2,4
54,040000000	-2,4
54,060000000	-2,4
54,080000000	-2,4
54,100000000	-2,4
54,120000000	-2,4
54,140000000	-2,4
54,160000000	-2,4
54,180000000	-2,38
54,200000000	-2,4
54,220000000	-2,4
54,240000000	-2,38
54,260000000	-2,4
54,280000000	-2,4
54,300000000	-2,4
54,320000000	-2,4
54,340000000	-2,42
54,360000000	-2,42
54,380000000	-2,4
54,400000000	-2,4
54,420000000	-2,4
54,440000000	-2,38
54,460000000	-2,38
54,480000000	-2,4
54,500000000	-2,4
54,520000000	-2,38
54,540000000	-2,38
54,560000000	-2,38
54,580000000	-2,38
54,600000000	-2,4
54,620000000	-2,4
54,640000000	-2,4
54,660000000	-2,4
54,680000000	-2,38
54,700000000	-2,4
54,720000000	-2,38
54,740000000	-2,38
54,760000000	-2,38
54,780000000	-2,4
54,800000000	-2,4
54,820000000	-2,42
54,840000000	-2,4
54,860000000	-2,38
54,880000000	-2,36
54,900000000	-2,38
54,920000000	-2,38
54,940000000	-2,4
54,960000000	-2,38
54,980000000	-2,4
55,000000000	-2,42
55,020000000	-2,4
55,040000000	-2,4
55,060000000	-2,4
55,080000000	-2,4
55,100000000	-2,4
55,120000000	-2,4
55,140000000	-2,38
55,160000000	-2,38
55,180000000	-2,38
55,200000000	-2,38
55,220000000	-2,38
55,240000000	-2,4
55,260000000	-2,4
55,280000000	-2,42
55,300000000	-2,4
55,320000000	-2,4
55,340000000	-2,4
55,360000000	-2,4
55,380000000	-2,4
55,400000000	-2,38
55,420000000	-2,38
55,440000000	-2,38
55,460000000	-2,4
55,480000000	-2,4
55,500000000	-2,4
55,520000000	-2,4
55,540000000	-2,38
55,560000000	-2,4
55,580000000	-2,38
55,600000000	-2,38
55,620000000	-2,38
55,640000000	-2,4
55,660000000	-2,4
55,680000000	-2,4
55,700000000	-2,42
55,720000000	-2,42
55,740000000	-2,4
55,760000000	-2,4
55,780000000	-2,4
55,800000000	-2,42
55,820000000	-2,4
55,840000000	-2,4
55,860000000	-2,4
55,880000000	-2,4
55,900000000	-2,4
55,920000000	-2,4
55,940000000	-2,4
55,960000000	-2,4
55,980000000	-2,4
56,000000000	-2,4
56,020000000	-2,4
56,040000000	-2,4
56,060000000	-2,38
56,080000000	-2,36
56,100000000	-2,36
56,120000000	-2,36
56,140000000	-2,38
56,160000000	-2,38
56,180000000	-2,4
56,200000000	-2,42
56,220000000	-2,4
56,240000000	-2,4
56,260000000	-2,42
56,280000000	-2,44
56,300000000	-2,38
56,320000000	-2,38
56,340000000	-2,38
56,360000000	-2,4
56,380000000	-2,4
56,400000000	-2,4
56,420000000	-2,4
56,440000000	-2,4
56,460000000	-2,4
56,480000000	-2,4
56,500000000	-2,4
56,520000000	-2,4
56,540000000	-2,4
56,560000000	-2,38
56,580000000	-2,4
56,600000000	-2,4
56,620000000	-2,4
56,640000000	-2,42
56,660000000	-2,42
56,680000000	-2,42
56,700000000	-2,44
56,720000000	-2,44
56,740000000	-2,36
56,760000000	-2,38
56,780000000	-2,38
56,800000000	-2,38
56,820000000	-2,36
56,840000000	-2,36
56,860000000	-2,36
56,880000000	-2,38
56,900000000	-2,36
56,920000000	-2,38
56,940000000	-2,38
56,960000000	-2,4
56,980000000	-2,4
57,000000000	-2,4
57,020000000	-2,4
57,040000000	-2,4
57,060000000	-2,4
57,080000000	-2,4
57,100000000	-2,38
57,120000000	-2,38
57,140000000	-2,38
57,160000000	-2,38
57,180000000	-2,38
57,200000000	-2,38
57,220000000	-2,38
57,240000000	-2,4
57,260000000	-2,4
57,280000000	-2,4
57,300000000	-2,4
57,320000000	-2,4
57,340000000	-2,4
57,360000000	-2,4
57,380000000	-2,4
57,400000000	-2,4
57,420000000	-2,42
57,440000000	-2,42
57,460000000	-2,38
57,480000000	-2,4
57,500000000	-2,4
57,520000000	-2,4
57,540000000	-2,4
57,560000000	-2,4
57,580000000	-2,4
57,600000000	-2,38
57,620000000	-2,4
57,640000000	-2,4
57,660000000	-2,4
57,680000000	-2,38
57,700000000	-2,38
57,720000000	-2,38
57,740000000	-2,4
57,760000000	-2,4
57,780000000	-2,36
57,800000000	-2,38
57,820000000	-2,4
57,840000000	-2,4
57,860000000	-2,38
57,880000000	-2,38
57,900000000	-2,4
57,920000000	-2,4
57,940000000	-2,38
57,960000000	-2,38
57,980000000	-2,38
58,000000000	-2,4
58,020000000	-2,4
58,040000000	-2,4
58,060000000	-2,38
58,080000000	-2,38
58,100000000	-2,38
58,120000000	-2,4
58,140000000	-2,4
58,160000000	-2,4
58,180000000	-2,42
58,200000000	-2,38
58,220000000	-2,38
58,240000000	-2,4
58,260000000	-2,4
58,280000000	-2,4
58,300000000	-2,38
58,320000000	-2,38
58,340000000	-2,4
58,360000000	-2,4
58,380000000	-2,38
58,400000000	-2,38
58,420000000	-2,4
58,440000000	-2,4
58,460000000	-2,4
58,480000000	-2,4
58,500000000	-2,4
58,520000000	-2,36
58,540000000	-2,38
58,560000000	-2,4
58,580000000	-2,42
58,600000000	-2,4
58,620000000	-2,38
58,640000000	-2,38
58,660000000	-2,38
58,680000000	-2,4
58,700000000	-2,4
58,720000000	-2,42
58,740000000	-2,44
58,760000000	-2,44
58,780000000	-2,44
58,800000000	-2,44
58,820000000	-2,4
58,840000000	-2,4
58,860000000	-2,4
58,880000000	-2,38
58,900000000	-2,38
58,920000000	-2,38
58,940000000	-2,36
58,960000000	-2,38
58,980000000	-2,4
59,000000000	-2,4
59,020000000	-2,38
59,040000000	-2,38
59,060000000	-2,4
59,080000000	-2,42
59,100000000	-2,42
59,120000000	-2,38
59,140000000	-2,38
59,160000000	-2,38
59,180000000	-2,4
59,200000000	-2,42
59,220000000	-2,38
59,240000000	-2,38
59,260000000	-2,4
59,280000000	-2,4
59,300000000	-2,38
59,320000000	-2,38
59,340000000	-2,38
59,360000000	-2,4
59,380000000	-2,4
59,400000000	-2,4
59,420000000	-2,4
59,440000000	-2,4
59,460000000	-2,4
59,480000000	-2,4
59,500000000	-2,4
59,520000000	-2,4
59,540000000	-2,4
59,560000000	-2,38
59,580000000	-2,4
59,600000000	-2,38
59,620000000	-2,38
59,640000000	-2,36
59,660000000	-2,38
59,680000000	-2,38
59,700000000	-2,38
59,720000000	-2,38
59,740000000	-2,38
59,760000000	-2,38
59,780000000	-2,38
59,800000000	-2,38
59,820000000	-2,4
59,840000000	-2,4
59,860000000	-2,4
59,880000000	-2,4
59,900000000	-2,38
59,920000000	-2,38
59,940000000	-2,4
59,960000000	-2,4
59,980000000	-2,4
60,000000000	-2,38
60,020000000	-2,4
60,040000000	-2,4
60,060000000	-2,4
60,080000000	-2,4
60,100000000	-2,4
60,120000000	-2,38
60,140000000	-2,4
60,160000000	-0,04
